0 1132 1495 385 921 177 1533 397 1789 1770 1365 1116
1132 0 363 747 577 955 401 735 657 638 823 416
1495 363 0 1110 574 1318 444 1098 550 421 1002 595
385 747 1110 0 808 208 1148 68 1404 1385 980 731
921 577 574 808 0 954 842 876 948 849 1400 993
177 955 1318 208 954 0 1356 220 1612 1593 1188 939
1533 401 444 1148 842 1356 0 1136 256 237 558 417
397 735 1098 68 876 220 1136 0 1392 1373 968 719
1789 657 550 1404 948 1612 256 1392 0 129 452 673
1770 638 421 1385 849 1593 237 1373 129 0 581 654
1365 823 1002 980 1400 1188 558 968 452 581 0 407
1116 416 595 731 993 939 417 719 673 654 407 0
