0 891 316 605 440 98 541 531 528 381 296 149
891 0 605 286 1093 793 1432 364 363 1272 901 1040
316 605 0 445 756 394 827 245 298 667 612 435
605 286 445 0 807 507 1146 328 147 986 615 754
440 1093 756 807 0 362 469 733 730 265 192 515
98 793 394 507 362 0 639 433 430 479 218 247
541 1432 827 1146 469 639 0 1072 1069 204 531 392
531 364 245 328 733 433 1072 0 181 912 541 680
528 363 298 147 730 430 1069 181 0 909 538 677
381 1272 667 986 265 479 204 912 909 0 371 250
296 901 612 615 192 218 531 541 538 371 0 371
149 1040 435 754 515 247 392 680 677 250 371 0
