0 542 923 715 182 1051 464 740 535 564
542 0 554 186 547 583 176 202 574 53
923 554 0 432 815 231 728 458 543 501
715 186 432 0 693 410 348 40 629 151
182 547 815 693 0 973 527 725 365 552
1051 583 231 410 973 0 755 417 750 536
464 176 728 348 527 755 0 353 661 228
740 202 458 40 725 417 353 0 669 177
535 574 543 629 365 750 661 669 0 545
564 53 501 151 552 536 228 177 545 0
