0 1276 660 1004 375 172 685 1000
1276 0 616 272 901 1168 591 414
660 616 0 634 365 552 207 884
1004 272 634 0 629 896 427 250
375 901 365 629 0 267 310 625
172 1168 552 896 267 0 577 892
685 591 207 427 310 577 0 677
1000 414 884 250 625 892 677 0
