0 1777 1374 906 1554 853 409 657 1007 1479
1777 0 403 871 375 924 1368 1120 770 414
1374 403 0 610 450 521 965 717 395 339
906 871 610 0 648 673 497 891 1005 949
1554 375 450 648 0 701 1145 897 845 789
853 924 521 673 701 0 444 218 332 626
409 1368 965 497 1145 444 0 494 608 1070
657 1120 717 891 897 218 494 0 350 822
1007 770 395 1005 845 332 608 350 0 472
1479 414 339 949 789 626 1070 822 472 0
