0 872 1120 555 192 651 852 628 893 811
872 0 664 1225 728 1093 182 650 911 641
1120 664 0 601 928 469 846 492 247 309
555 1225 601 0 497 132 1407 575 374 584
192 728 928 497 0 459 910 436 701 619
651 1093 469 132 459 0 1275 443 242 452
852 182 846 1407 910 1275 0 832 1093 823
628 650 492 575 436 443 832 0 265 183
893 911 247 374 701 242 1093 265 0 270
811 641 309 584 619 452 823 183 270 0
