0 911 511 750 270 144 488 821
911 0 548 225 641 826 457 352
511 548 0 510 327 511 147 670
750 225 510 0 484 645 377 177
270 641 327 484 0 202 246 574
144 826 511 645 202 0 447 697
488 457 147 377 246 447 0 528
821 352 670 177 574 697 528 0
