0 282 264 582 756 528 151 754 748 688 619 196
282 0 198 365 552 445 300 521 479 512 602 337
264 198 0 560 494 629 370 709 531 424 771 188
582 365 560 0 739 271 503 174 516 744 447 694
756 552 494 739 0 947 836 796 289 97 1123 653
528 445 629 271 947 0 396 394 764 930 182 698
151 300 370 503 836 396 0 676 777 781 470 345
754 521 709 174 796 394 676 0 532 820 546 856
748 479 531 516 289 764 777 532 0 348 946 719
688 512 424 744 97 930 781 820 348 0 1101 570
619 602 771 447 1123 182 470 546 946 1101 0 807
196 337 188 694 653 698 345 856 719 570 807 0
