0 522 141 258 590 840 726 561 717 699 148 848
522 0 551 391 73 642 908 636 320 575 649 898
141 551 0 378 623 958 867 698 793 822 251 988
258 391 378 0 441 583 576 346 488 444 317 642
590 73 623 441 0 616 929 654 271 565 713 901
840 642 958 583 616 0 572 384 369 152 867 410
726 908 867 576 929 572 0 276 806 464 649 226
561 636 698 346 654 384 276 0 539 240 537 296
717 320 793 488 271 369 806 539 0 366 804 720
699 575 822 444 565 152 464 240 366 0 717 353
148 649 251 317 713 867 649 537 804 717 0 803
848 898 988 642 901 410 226 296 720 353 803 0
