0 363 192 761 684 117 177 628 660 796
363 0 399 678 359 341 441 334 515 436
192 399 0 931 756 86 367 719 811 789
761 678 931 0 550 845 639 473 179 873
684 359 756 550 0 691 693 89 375 325
117 341 86 845 691 0 293 648 727 754
177 441 367 639 693 293 0 621 572 871
628 334 719 473 89 648 621 0 295 401
660 515 811 179 375 727 572 295 0 696
796 436 789 873 325 754 871 401 696 0
