0 858 779 640 169 807 380 491 171 111 215 1199
858 0 1271 218 749 1299 872 839 973 747 1073 623
779 1271 0 1111 610 440 399 432 608 792 828 874
640 218 1111 0 531 1139 712 679 755 529 855 559
169 749 610 531 0 656 211 382 224 182 324 1090
807 1299 440 1139 656 0 479 460 880 820 980 676
380 872 399 712 211 479 0 205 401 393 501 913
491 839 432 679 382 460 205 0 606 380 706 708
171 973 608 755 224 880 401 606 0 226 220 1314
111 747 792 529 182 820 393 380 226 0 326 1088
215 1073 828 855 324 980 501 706 220 326 0 1414
1199 623 874 559 1090 676 913 708 1314 1088 1414 0
