0 604 1019 687 1308 1164 851 715 746 522
604 0 647 171 826 560 247 589 914 102
1019 647 0 730 289 1207 894 304 273 545
687 171 730 0 997 477 164 672 997 211
1308 826 289 997 0 1000 903 593 562 786
1164 560 1207 477 1000 0 313 1149 1474 662
851 247 894 164 903 313 0 836 1161 349
715 589 304 672 593 1149 836 0 325 487
746 914 273 997 562 1474 1161 325 0 812
522 102 545 211 786 662 349 487 812 0
