0 522 229 601 465 435 421 206 70 322 605 528
522 0 521 652 985 953 360 654 587 844 775 226
229 521 0 804 538 570 572 166 228 427 828 428
601 652 804 0 911 790 298 803 650 782 168 837
465 985 538 911 0 150 843 372 398 146 829 954
435 953 570 790 150 0 761 412 380 146 694 957
421 360 572 298 843 761 0 622 487 698 416 539
206 654 166 803 372 412 622 0 154 267 792 589
70 587 228 650 398 380 487 154 0 258 639 577
322 844 427 782 146 146 698 267 258 0 716 827
605 775 828 168 829 694 416 792 639 716 0 938
528 226 428 837 954 957 539 589 577 827 938 0
