0 485 718 427 384 337 828 205
485 0 517 351 676 198 359 337
718 517 0 840 592 446 495 714
427 351 840 0 776 409 674 228
384 676 592 776 0 478 925 550
337 198 446 409 478 0 498 270
828 359 495 674 925 498 0 696
205 337 714 228 550 270 696 0
