0 947 886 735 114 790 1109 938
947 0 619 1044 1061 495 162 287
886 619 0 425 916 124 781 690
735 1044 425 0 765 549 1206 1035
114 1061 916 765 0 820 1223 1052
790 495 124 549 820 0 657 594
1109 162 781 1206 1223 657 0 245
938 287 690 1035 1052 594 245 0
