0 565 585 439 483 131 1129 801 394 240 628 527
565 0 674 624 842 434 564 442 585 599 471 1092
585 674 0 146 1068 464 1238 808 811 825 203 418
439 624 146 0 922 318 1188 758 665 679 189 468
483 842 1068 922 0 604 828 1284 257 243 1111 828
131 434 464 318 604 0 998 680 347 361 507 658
1129 564 1238 1188 828 998 0 662 735 951 1035 1656
801 442 808 758 1284 680 662 0 1027 1041 605 1226
394 585 811 665 257 347 735 1027 0 216 854 921
240 599 825 679 243 361 951 1041 216 0 868 705
628 471 203 189 1111 507 1035 605 854 868 0 621
527 1092 418 468 828 658 1656 1226 921 705 621 0
