0 1002 738 604 656 747 710 449 190 1025
1002 0 772 398 346 307 346 739 1092 121
738 772 0 586 585 757 463 298 922 874
604 398 586 0 55 190 186 416 700 429
656 346 585 55 0 174 151 441 755 384
747 307 757 190 174 0 306 606 809 287
710 346 463 186 151 306 0 393 837 426
449 739 298 416 441 606 393 0 628 809
190 1092 922 700 755 809 837 628 0 1095
1025 121 874 429 384 287 426 809 1095 0
