0 331 435 425 675 214 241 319
331 0 106 541 742 533 239 642
435 106 0 596 772 633 332 742
425 541 596 0 251 386 623 441
675 742 772 251 0 625 862 660
214 533 633 386 625 0 447 109
241 239 332 623 862 447 0 544
319 642 742 441 660 109 544 0
