0 153 625 628 573 435 646 611 327 556 633 182
153 0 732 659 648 478 785 643 175 652 785 91
625 732 0 371 177 351 254 364 869 96 517 798
628 659 371 0 198 193 612 17 730 294 835 747
573 648 177 198 0 199 414 189 761 97 647 727
435 478 351 193 199 0 539 176 571 254 712 563
646 785 254 612 414 539 0 602 947 318 283 827
611 643 364 17 189 176 602 0 716 285 822 731
327 175 869 730 761 571 947 716 0 782 960 195
556 652 96 294 97 254 318 285 782 0 553 723
633 785 517 835 647 712 283 822 960 553 0 798
182 91 798 747 727 563 827 731 195 723 798 0
