0 585 727 199 522 566 762 394 424 703
585 0 169 428 571 34 358 382 184 166
727 169 0 587 593 202 248 446 303 39
199 428 587 0 569 403 679 381 306 571
522 571 593 569 0 583 446 213 420 554
566 34 202 403 583 0 391 387 181 200
762 358 248 679 446 391 0 389 375 218
394 382 446 381 213 387 389 0 213 410
424 184 303 306 420 181 375 213 0 278
703 166 39 571 554 200 218 410 278 0
