0 365 969 728 229 783 342 111 209 629
365 0 1334 363 238 974 707 390 574 994
969 1334 0 1697 1096 360 843 944 760 522
728 363 1697 0 601 1337 1070 753 937 1357
229 238 1096 601 0 736 563 152 336 756
783 974 360 1337 736 0 1117 672 646 796
342 707 843 1070 563 1117 0 445 471 321
111 390 944 753 152 672 445 0 184 604
209 574 760 937 336 646 471 184 0 420
629 994 522 1357 756 796 321 604 420 0
