0 1138 486 393 849 316 1167 976 1130 437
1138 0 834 1081 785 1454 239 162 328 1177
486 834 0 879 363 726 863 672 826 923
393 1081 879 0 1242 373 1110 919 1073 96
849 785 363 1242 0 1089 1024 831 1113 1286
316 1454 726 373 1089 0 1483 1292 1446 277
1167 239 863 1110 1024 1483 0 193 89 1206
976 162 672 919 831 1292 193 0 282 1015
1130 328 826 1073 1113 1446 89 282 0 1169
437 1177 923 96 1286 277 1206 1015 1169 0
