0 562 815 406 550 424 266 582
562 0 407 618 409 141 317 265
815 407 0 638 324 500 555 667
406 618 638 0 314 539 360 787
550 409 324 314 0 402 332 648
424 141 500 539 402 0 197 255
266 317 555 360 332 197 0 431
582 265 667 787 648 255 431 0
