0 810 915 515 796 1232 859 375 707 554 397 150
810 0 941 295 160 1246 873 435 721 474 413 960
915 941 0 732 927 639 254 784 490 685 1138 865
515 295 732 0 281 1049 676 140 524 277 406 665
796 160 927 281 0 1086 713 421 561 314 399 946
1232 1246 639 1049 1086 0 385 1101 525 772 1455 1182
859 873 254 676 713 385 0 728 236 431 1082 809
375 435 784 140 421 1101 728 0 576 329 354 525
707 721 490 524 561 525 236 576 0 247 930 657
554 474 685 277 314 772 431 329 247 0 683 704
397 413 1138 406 399 1455 1082 354 930 683 0 547
150 960 865 665 946 1182 809 525 657 704 547 0
