0 435 708 742 209 811 99 361 1040 682
435 0 637 1177 644 628 336 796 857 499
708 637 0 540 765 617 661 421 564 656
742 1177 540 0 665 1157 841 381 1104 1196
209 644 765 665 0 868 308 344 1097 739
811 628 617 1157 868 0 764 776 229 129
99 336 661 841 308 764 0 460 993 635
361 796 421 381 344 776 460 0 753 815
1040 857 564 1104 1097 229 993 753 0 358
682 499 656 1196 739 129 635 815 358 0
