0 110 659 503 329 474 343 191
110 0 588 401 316 517 322 89
659 588 0 309 397 599 373 586
503 401 309 0 410 680 391 358
329 316 397 410 0 272 24 372
474 517 599 680 272 0 289 595
343 322 373 391 24 289 0 374
191 89 586 358 372 595 374 0
