0 761 787 451 337 1087 1093 725 364 281 942 333
761 0 528 1064 1024 828 834 1096 623 904 719 892
787 528 0 892 852 506 356 924 1151 732 547 720
451 1064 892 0 114 636 642 274 815 170 491 172
337 1024 852 114 0 750 756 388 701 120 605 132
1087 828 506 636 750 0 150 418 1451 806 145 754
1093 834 356 642 756 150 0 568 1457 812 191 760
725 1096 924 274 388 418 568 0 1089 444 377 392
364 623 1151 815 701 1451 1457 1089 0 645 1306 697
281 904 732 170 120 806 812 444 645 0 661 52
942 719 547 491 605 145 191 377 1306 661 0 609
333 892 720 172 132 754 760 392 697 52 609 0
