0 947 945 414 250 746 482 1070 711 647
947 0 948 887 717 1069 949 727 236 626
945 948 0 531 1195 199 1427 221 712 322
414 887 531 0 664 332 896 656 651 261
250 717 1195 664 0 996 232 1320 523 897
746 1069 199 332 996 0 1228 342 833 443
482 949 1427 896 232 1228 0 1552 755 1129
1070 727 221 656 1320 342 1552 0 797 423
711 236 712 651 523 833 755 797 0 390
647 626 322 261 897 443 1129 423 390 0
