0 185 824 902 838 535 738 562 1136 781 803 650
185 0 653 731 653 350 553 377 951 610 618 821
824 653 0 292 770 847 368 326 766 43 1047 1474
902 731 292 0 848 925 350 404 474 291 1125 1552
838 653 770 848 0 303 498 444 450 727 277 704
535 350 847 925 303 0 575 521 601 804 268 627
738 553 368 350 498 575 0 176 398 367 775 1202
562 377 326 404 444 521 176 0 574 283 721 1148
1136 951 766 474 450 601 398 574 0 765 727 1154
781 610 43 291 727 804 367 283 765 0 1004 1431
803 618 1047 1125 277 268 775 721 727 1004 0 427
650 821 1474 1552 704 627 1202 1148 1154 1431 427 0
