0 1257 976 723 1121 619 294 550 805 1098
1257 0 290 723 309 661 972 831 638 361
976 290 0 544 343 371 699 545 381 251
723 723 544 0 472 477 450 654 714 784
1121 309 343 472 0 614 827 818 712 560
619 661 371 477 614 0 370 207 259 484
294 972 699 450 827 370 0 391 603 851
550 831 545 654 818 207 391 0 260 583
805 638 381 714 712 259 603 260 0 336
1098 361 251 784 560 484 851 583 336 0
