0 417 599 582 355 499 188 672 598 557 499 585
417 0 252 175 573 640 508 542 702 673 635 169
599 252 0 137 615 892 623 374 954 926 887 211
582 175 137 0 675 799 646 505 851 827 793 74
355 573 615 675 0 853 176 472 953 911 853 716
499 640 892 799 853 0 681 1109 102 60 9 755
188 508 623 646 176 681 0 584 782 740 682 670
672 542 374 505 472 1109 584 0 1191 1155 1105 577
598 702 954 851 953 102 782 1191 0 42 100 800
557 673 926 827 911 60 740 1155 42 0 58 778
499 635 887 793 853 9 682 1105 100 58 0 748
585 169 211 74 716 755 670 577 800 778 748 0
