0 622 281 673 330 47 683 500
622 0 499 475 873 669 319 221
281 499 0 750 610 314 690 487
673 475 750 0 738 707 178 295
330 873 610 738 0 299 822 693
47 669 314 707 299 0 724 544
683 319 690 178 822 724 0 204
500 221 487 295 693 544 204 0
