0 546 721 533 932 920 666 506 571 512
546 0 595 134 662 402 183 448 673 77
721 595 0 719 251 908 767 219 270 522
533 134 719 0 796 388 134 554 769 198
932 662 251 796 0 874 802 432 520 605
920 402 908 388 874 0 254 818 1049 470
666 183 767 134 802 254 0 630 856 260
506 448 219 554 432 818 630 0 231 370
571 673 270 769 520 1049 856 231 0 596
512 77 522 198 605 470 260 370 596 0
