0 397 836 567 619 440 816 334 915 586
397 0 761 383 382 133 1100 724 892 752
836 761 0 383 418 632 845 952 156 466
567 383 383 0 81 251 947 798 525 537
619 382 418 81 0 249 1027 868 569 617
440 133 632 251 249 0 1048 744 768 673
816 1100 845 947 1027 1048 0 591 774 414
334 724 952 798 868 744 591 0 980 551
915 892 156 525 569 768 774 980 0 447
586 752 466 537 617 673 414 551 447 0
