0 365 241 213 644 375 813 707 628 638 980 1129
365 0 590 368 279 394 464 342 977 289 615 764
241 590 0 454 831 616 1054 536 387 879 809 958
213 368 454 0 647 162 600 710 841 425 983 1132
644 279 831 647 0 673 623 397 1218 544 336 485
375 394 616 162 673 0 438 736 1003 263 1009 1158
813 464 1054 600 623 438 0 686 1441 175 959 1108
707 342 536 710 397 736 686 0 821 607 291 422
628 977 387 841 1218 1003 1441 821 0 1266 1112 887
638 289 879 425 544 263 175 607 1266 0 880 1029
980 615 809 983 336 1009 959 291 1112 880 0 225
1129 764 958 1132 485 1158 1108 422 887 1029 225 0
