0 234 675 878 320 381 679 436 368 363
234 0 480 924 468 420 473 208 203 176
675 480 0 867 731 552 54 297 307 314
878 924 867 0 588 510 918 946 790 830
320 468 731 588 0 201 757 606 464 487
381 420 552 510 201 0 586 491 332 366
679 473 54 918 757 586 0 277 316 316
436 208 297 946 606 491 277 0 161 125
368 203 307 790 464 332 316 161 0 40
363 176 314 830 487 366 316 125 40 0
