0 587 749 353 173 521 622 610 174 540 291 411
587 0 162 940 414 1108 255 135 475 449 878 960
749 162 0 1102 576 1270 399 139 575 331 1040 1122
353 940 1102 0 526 168 847 963 527 893 438 636
173 414 576 526 0 694 557 437 173 367 464 546
521 1108 1270 168 694 0 953 1131 695 1061 544 742
622 255 399 847 557 953 0 390 730 704 641 723
610 135 139 963 437 1131 390 0 436 314 901 983
174 475 575 527 173 695 730 436 0 366 465 547
540 449 331 893 367 1061 704 314 366 0 831 913
291 878 1040 438 464 544 641 901 465 831 0 198
411 960 1122 636 546 742 723 983 547 913 198 0
