0 1150 180 543 534 557 1010 370 377 707 473 642
1150 0 1117 864 895 618 164 803 909 545 1113 694
180 1117 0 395 380 500 964 418 487 620 292 525
543 864 395 0 31 314 700 499 652 319 253 173
534 895 380 31 0 341 731 512 662 350 223 204
557 618 500 314 341 0 465 299 461 172 527 219
1010 164 964 700 731 465 0 679 802 381 950 531
370 803 418 499 512 299 679 0 165 470 604 488
377 909 487 652 662 461 802 165 0 632 723 653
707 545 620 319 350 172 381 470 632 0 569 152
473 1113 292 253 223 527 950 604 723 569 0 426
642 694 525 173 204 219 531 488 653 152 426 0
