0 216 688 885 747 612 806 861 463 664 894 221
216 0 772 887 749 614 1022 863 247 666 1110 129
688 772 0 487 243 490 258 485 1019 134 648 819
885 887 487 0 244 273 737 24 884 353 845 1016
747 749 243 244 0 247 493 242 776 109 707 878
612 614 490 273 247 0 740 249 611 356 828 743
806 1022 258 737 493 740 0 735 1269 384 390 1027
861 863 485 24 242 249 735 0 860 351 823 992
463 247 1019 884 776 611 1269 860 0 885 1357 242
664 666 134 353 109 356 384 351 885 0 624 795
894 1110 648 845 707 828 390 823 1357 624 0 1115
221 129 819 1016 878 743 1027 992 242 795 1115 0
