0 395 484 500 264 629 321 451 220 602
395 0 655 200 147 548 680 446 219 276
484 655 0 591 619 374 703 265 457 930
500 200 591 0 318 383 815 337 281 420
264 147 619 318 0 601 534 462 163 344
629 548 374 383 601 0 933 181 463 800
321 680 703 815 534 933 0 752 538 819
451 446 265 337 462 181 752 0 307 718
220 219 457 281 163 463 538 307 0 482
602 276 930 420 344 800 819 718 482 0
