0 798 724 975 848 277 725 413
798 0 461 182 247 763 105 636
724 461 0 595 695 850 364 816
975 182 595 0 259 918 278 775
848 247 695 259 0 729 331 565
277 763 850 918 729 0 723 181
725 105 364 278 331 723 0 617
413 636 816 775 565 181 617 0
