0 1387 821 834 911 971 1004 544 218 1374
1387 0 934 553 476 416 383 843 1543 171
821 934 0 829 822 1060 629 317 977 1105
834 553 829 0 77 231 200 512 990 540
911 476 822 77 0 238 193 505 1067 463
971 416 1060 231 238 0 431 743 1127 403
1004 383 629 200 193 431 0 460 1160 476
544 843 317 512 505 743 460 0 700 830
218 1543 977 990 1067 1127 1160 700 0 1530
1374 171 1105 540 463 403 476 830 1530 0
