0 850 311 360 482 644 384 581
850 0 539 695 408 336 801 503
311 539 0 296 197 366 407 379
360 695 296 0 291 389 652 673
482 408 197 291 0 169 591 466
644 336 366 389 169 0 751 576
384 801 407 652 591 751 0 342
581 503 379 673 466 576 342 0
