0 287 588 121 464 576 269 504 485 455 621 393
287 0 313 372 750 290 436 702 741 736 907 349
588 313 0 648 1048 118 744 899 989 1016 1204 430
121 372 648 0 410 655 358 384 373 368 560 366
464 750 1048 410 0 1039 461 493 306 144 158 760
576 290 118 655 1039 0 692 947 1015 1023 1197 500
269 436 744 358 461 692 0 717 631 531 607 655
504 702 899 384 493 947 717 0 202 355 566 483
485 741 989 373 306 1015 631 202 0 162 364 610
455 736 1016 368 144 1023 531 355 162 0 224 682
621 907 1204 560 158 1197 607 566 364 224 0 899
393 349 430 366 760 500 655 483 610 682 899 0
