0 615 381 582 155 604 466 566 445 391
615 0 875 48 509 759 358 1181 735 972
381 875 0 831 531 423 579 518 254 545
582 48 831 0 484 712 310 1149 688 947
155 509 531 484 0 691 455 685 553 463
604 759 423 712 691 0 401 940 180 919
466 358 579 310 455 401 0 993 391 856
566 1181 518 1149 685 940 993 0 765 282
445 735 254 688 553 180 391 765 0 741
391 972 545 947 463 919 856 282 741 0
