0 617 862 831 305 845 681 1003 393 291
617 0 619 648 548 266 446 386 532 326
862 619 0 1267 1167 885 181 955 1151 693
831 648 1267 0 530 382 1086 312 438 574
305 548 1167 530 0 544 986 702 92 474
845 266 885 382 544 0 704 158 452 554
681 446 181 1086 986 704 0 832 970 512
1003 386 955 312 702 158 832 0 610 712
393 532 1151 438 92 452 970 610 0 458
291 326 693 574 474 554 512 712 458 0
