0 561 308 503 521 500 451 17 389 298 454 387
561 0 840 1026 1029 106 540 573 949 595 953 740
308 840 0 195 491 794 526 292 176 338 459 292
503 1026 195 0 566 985 650 487 231 478 559 378
521 1029 491 566 0 941 945 519 342 761 76 770
500 106 794 985 941 0 566 513 888 586 865 731
451 540 526 650 945 566 0 445 696 190 886 276
17 573 292 487 519 513 445 0 376 288 453 372
389 949 176 231 342 888 696 376 0 506 329 468
298 595 338 478 761 586 190 288 506 0 707 145
454 953 459 559 76 865 886 453 329 707 0 727
387 740 292 378 770 731 276 372 468 145 727 0
