0 502 1181 748 780 449 1031 462 1272 683
502 0 931 498 530 181 1533 964 1022 971
1181 931 0 433 435 750 994 1277 201 498
748 498 433 0 110 317 1319 844 526 757
780 530 435 110 0 349 1429 876 636 867
449 181 750 317 349 0 1480 911 841 918
1031 1533 994 1319 1429 1480 0 613 793 562
462 964 1277 844 876 911 613 0 1368 779
1272 1022 201 526 636 841 793 1368 0 589
683 971 498 757 867 918 562 779 589 0
