0 614 714 948 726 69 829 293 423 208 390 378
614 0 152 371 119 675 471 360 251 594 423 452
714 152 0 393 169 769 589 432 302 653 442 472
948 371 393 0 255 1014 358 724 622 959 793 822
726 119 169 255 0 789 423 479 369 713 538 567
69 675 769 1014 789 0 898 340 472 201 415 399
829 471 589 358 423 898 0 708 663 917 834 857
293 360 432 724 479 340 708 0 132 235 158 169
423 251 302 622 369 472 663 132 0 352 176 203
208 594 653 959 713 201 917 235 352 0 239 216
390 423 442 793 538 415 834 158 176 239 0 30
378 452 472 822 567 399 857 169 203 216 30 0
