0 243 809 364 720 235 576 185 484 584
243 0 765 576 755 231 706 212 273 603
809 765 0 772 253 973 540 935 961 266
364 576 772 0 581 591 313 542 840 506
720 755 253 581 0 925 304 880 998 152
235 231 973 591 925 0 808 50 325 780
576 706 540 313 304 808 0 758 977 300
185 212 935 542 880 50 758 0 351 736
484 273 961 840 998 325 977 351 0 846
584 603 266 506 152 780 300 736 846 0
