0 515 655 707 307 712 441 485 310 611
515 0 870 208 208 749 956 630 233 378
655 870 0 662 868 515 762 288 637 1248
707 208 662 0 400 541 1148 422 397 586
307 208 868 400 0 747 748 628 231 380
712 749 515 541 747 0 1153 227 516 1127
441 956 762 1148 748 1153 0 926 751 1052
485 630 288 422 628 227 926 0 397 1008
310 233 637 397 231 516 751 397 0 611
611 378 1248 586 380 1127 1052 1008 611 0
