0 460 235 1076 685 120 190 690 910 1051
460 0 463 848 455 342 622 462 682 591
235 463 0 1311 918 121 425 925 1145 914
1076 848 1311 0 671 1190 886 546 192 1037
685 455 918 671 0 797 847 125 479 366
120 342 121 1190 797 0 304 804 1024 931
190 622 425 886 847 304 0 722 720 1213
690 462 925 546 125 804 722 0 354 491
910 682 1145 192 479 1024 720 354 0 845
1051 591 914 1037 366 931 1213 491 845 0
