0 334 521 678 153 644 77 326 779 579
334 0 584 885 486 444 256 568 608 353
521 584 0 388 541 442 514 318 463 464
678 885 388 0 603 831 715 352 838 847
153 486 541 603 0 756 230 266 874 702
644 444 442 831 756 0 585 662 166 95
77 256 514 715 230 585 0 367 726 514
326 568 318 352 266 662 367 0 738 640
779 608 463 838 874 166 726 738 0 261
579 353 464 847 702 95 514 640 261 0
