0 788 727 310 135 895 719 500
788 0 72 881 653 352 405 1083
727 72 0 810 593 329 349 1012
310 881 810 0 359 862 657 218
135 653 593 359 0 777 611 572
895 352 329 862 777 0 207 1022
719 405 349 657 611 207 0 815
500 1083 1012 218 572 1022 815 0
