0 802 828 373 814 228 777 500
802 0 199 780 748 699 221 539
828 199 0 714 579 675 59 449
373 780 714 0 473 170 654 268
814 748 579 473 0 585 534 350
228 699 675 170 585 0 619 284
777 221 59 654 534 619 0 389
500 539 449 268 350 284 389 0
