0 256 464 633 591 794 876 1038
256 0 211 377 413 619 929 869
464 211 0 196 405 583 1064 822
633 377 196 0 345 467 1081 682
591 413 405 345 0 207 749 457
794 619 583 467 207 0 762 250
876 929 1064 1081 749 762 0 830
1038 869 822 682 457 250 830 0
