0 1197 439 376 670 878 524 625
1197 0 758 853 527 353 1055 572
439 758 0 407 231 439 493 502
376 853 407 0 326 534 900 909
670 527 231 326 0 208 648 657
878 353 439 534 208 0 766 775
524 1055 493 900 648 766 0 483
625 572 502 909 657 775 483 0
