0 537 581 410 598 717 731 392
537 0 195 736 121 304 447 270
581 195 0 866 95 485 641 204
410 736 866 0 841 752 662 727
598 121 95 841 0 393 554 257
717 304 485 752 393 0 187 564
731 447 641 662 554 187 0 677
392 270 204 727 257 564 677 0
