0 629 533 449 421 44 492 574
629 0 899 1078 1050 586 833 713
533 899 0 600 629 544 66 275
449 1078 600 0 59 493 610 805
421 1050 629 59 0 465 633 819
44 586 544 493 465 0 499 562
492 833 66 610 633 499 0 224
574 713 275 805 819 562 224 0
