0 490 558 296 131 436 505 461 145 386 255 392
490 0 142 786 362 926 246 97 445 319 630 680
558 142 0 848 428 987 386 99 479 277 736 802
296 786 848 0 425 140 778 754 382 639 313 450
131 362 428 425 0 565 413 331 122 280 344 457
436 926 987 140 565 0 913 893 516 771 418 535
505 246 386 778 413 913 0 331 531 516 538 533
461 97 99 754 331 893 331 0 391 227 637 707
145 445 479 382 122 516 531 391 0 259 400 533
386 319 277 639 280 771 516 227 259 0 624 734
255 630 736 313 344 418 538 637 400 624 0 152
392 680 802 450 457 535 533 707 533 734 152 0
