0 778 792 537 142 549 782 444 654 574
778 0 501 901 704 789 175 491 644 455
792 501 0 581 658 449 667 348 237 219
537 901 581 0 421 132 1003 414 345 462
142 704 658 421 0 415 738 313 512 442
549 789 449 132 415 0 902 314 214 339
782 175 667 1003 738 902 0 591 784 587
444 491 348 414 313 314 591 0 263 130
654 644 237 345 512 214 784 263 0 200
574 455 219 462 442 339 587 130 200 0
