0 260 611 391 565 759 548 464 242 400
260 0 375 509 402 505 289 472 161 213
611 375 0 874 580 183 249 525 388 453
391 509 874 0 508 970 705 854 593 465
565 402 580 508 0 586 335 872 563 189
759 505 183 970 586 0 270 707 555 513
548 289 249 705 335 270 0 657 402 243
464 472 525 854 872 707 657 0 313 684
242 161 388 593 563 555 402 313 0 374
400 213 453 465 189 513 243 684 374 0
