0 469 551 363 372 435 504 839
469 0 520 271 535 631 446 473
551 520 0 690 226 951 74 487
363 271 690 0 614 364 619 743
372 535 226 614 0 801 222 671
435 631 951 364 801 0 891 1100
504 446 74 619 222 891 0 454
839 473 487 743 671 1100 454 0
