0 412 119 341 497 319 145 607
412 0 510 478 212 706 298 348
119 510 0 305 560 202 216 652
341 478 305 0 402 385 264 436
497 212 560 402 0 728 353 138
319 706 202 385 728 0 408 800
145 298 216 264 353 408 0 461
607 348 652 436 138 800 461 0
