0 1018 733 935 285 1348 556 1384 734 97 130 648
1018 0 749 499 733 330 462 948 284 1011 1132 370
733 749 0 324 902 1079 715 651 465 636 603 639
935 499 324 0 1104 755 917 449 659 838 805 841
285 733 902 1104 0 1063 271 1553 449 278 399 363
1348 330 1079 755 1063 0 792 958 614 1341 1462 700
556 462 715 917 271 792 0 1366 258 549 670 92
1384 948 651 449 1553 958 1366 0 1108 1287 1254 1290
734 284 465 659 449 614 258 1108 0 727 848 182
97 1011 636 838 278 1341 549 1287 727 0 121 641
130 1132 603 805 399 1462 670 1254 848 121 0 762
648 370 639 841 363 700 92 1290 182 641 762 0
