0 93 380 440 710 546 683 296
93 0 359 348 617 474 594 296
380 359 0 516 649 747 752 655
440 348 516 0 296 265 253 455
710 617 649 296 0 467 242 750
546 474 747 265 467 0 264 396
683 594 752 253 242 264 0 625
296 296 655 455 750 396 625 0
