0 993 892 364 175 971 860 538
993 0 101 1237 818 464 451 1531
892 101 0 1136 717 459 350 1430
364 1237 1136 0 419 1057 786 294
175 818 717 419 0 894 783 713
971 464 459 1057 894 0 271 1351
860 451 350 786 783 271 0 1080
538 1531 1430 294 713 1351 1080 0
