0 429 513 545 342 607 575 651
429 0 468 436 676 482 911 226
513 468 0 75 854 116 632 623
545 436 75 0 886 62 706 570
342 676 854 886 0 948 756 863
607 482 116 62 948 0 742 598
575 911 632 706 756 742 0 1130
651 226 623 570 863 598 1130 0
