0 775 809 1297 943 98 1163 311 425 288 518 514
775 0 212 522 168 873 542 502 354 833 585 627
809 212 0 488 198 907 754 536 388 867 619 661
1297 522 488 0 354 1395 488 1024 876 1355 1107 1149
943 168 198 354 0 1041 556 670 522 1001 753 795
98 873 907 1395 1041 0 1261 371 519 282 512 508
1163 542 754 488 556 1261 0 890 742 1221 973 1015
311 502 536 1024 670 371 890 0 148 331 207 203
425 354 388 876 522 519 742 148 0 479 231 273
288 833 867 1355 1001 282 1221 331 479 0 248 226
518 585 619 1107 753 512 973 207 231 248 0 42
514 627 661 1149 795 508 1015 203 273 226 42 0
