0 288 697 492 523 351 166 469 667 516
288 0 985 286 811 327 454 649 467 804
697 985 0 1189 534 658 531 516 1364 181
492 286 1189 0 1015 585 658 853 181 1008
523 811 534 1015 0 838 603 162 1190 499
351 327 658 585 838 0 235 820 766 477
166 454 531 658 603 235 0 585 833 350
469 649 516 853 162 820 585 0 1028 481
667 467 1364 181 1190 766 833 1028 0 1183
516 804 181 1008 499 477 350 481 1183 0
