0 273 419 702 542 187 690 374
273 0 207 830 499 453 896 121
419 207 0 1037 693 566 1088 257
702 830 1037 0 473 734 283 832
542 499 693 473 0 687 680 443
187 453 566 734 687 0 646 560
690 896 1088 283 680 646 0 935
374 121 257 832 443 560 935 0
