0 283 953 1105 450 421 951 571 521 509
283 0 670 1276 621 592 668 288 238 226
953 670 0 1164 899 616 76 382 432 444
1105 1276 1164 0 655 684 1240 1338 1116 1172
450 621 899 655 0 283 897 683 467 517
421 592 616 684 283 0 614 654 432 488
951 668 76 1240 897 614 0 380 430 442
571 288 382 1338 683 654 380 0 222 166
521 238 432 1116 467 432 430 222 0 56
509 226 444 1172 517 488 442 166 56 0
