0 806 612 261 174 574 879 676 946 421
806 0 536 662 881 511 275 524 253 569
612 536 0 354 570 46 779 66 496 705
261 662 354 0 234 320 811 420 746 498
174 881 570 234 0 542 996 637 980 581
574 511 46 320 542 0 746 102 492 659
879 275 779 811 996 746 0 778 507 523
676 524 66 420 637 102 778 0 453 747
946 253 496 746 980 492 507 453 0 791
421 569 705 498 581 659 523 747 791 0
