0 746 972 348 482 610 447 899
746 0 433 873 300 298 1012 368
972 433 0 941 667 364 1061 77
348 873 941 0 696 629 139 880
482 300 667 696 0 360 832 591
610 298 364 629 360 0 763 289
447 1012 1061 139 832 763 0 1004
899 368 77 880 591 289 1004 0
