0 887 1282 879 662 735 279 236
887 0 1055 12 699 1532 1108 991
1282 1055 0 1067 620 547 1055 1046
879 12 1067 0 711 1544 1120 1003
662 699 620 711 0 833 435 426
735 1532 547 1544 833 0 508 541
279 1108 1055 1120 435 508 0 117
236 991 1046 1003 426 541 117 0
