0 473 421 313 402 126 804 752 321 211 449 405
473 0 503 445 624 350 428 327 431 504 384 778
421 503 0 109 809 369 930 591 675 618 147 390
313 445 109 0 700 262 866 594 569 509 172 364
402 624 809 700 0 444 732 951 193 193 799 770
126 350 369 262 444 0 706 627 308 257 359 471
804 428 930 866 732 706 0 558 580 724 809 1173
752 327 591 594 951 627 558 0 758 823 445 958
321 431 675 569 193 308 580 758 0 153 640 725
211 504 618 509 193 257 724 823 153 0 617 597
449 384 147 172 799 359 809 445 640 617 0 523
405 778 390 364 770 471 1173 958 725 597 523 0
