0 710 723 269 850 736 756 567
710 0 928 605 159 73 455 890
723 928 0 490 964 996 563 175
269 605 490 0 712 655 512 363
850 159 964 712 0 189 430 954
736 73 996 655 189 0 527 952
756 455 563 512 430 527 0 601
567 890 175 363 954 952 601 0
