0 553 647 733 452 655 208 913 769 720 650 779
553 0 344 180 771 858 719 710 972 923 853 226
647 344 0 174 865 1202 813 382 1316 1267 1197 268
733 180 174 0 951 1028 899 540 1142 1093 1023 94
452 771 865 951 0 1107 244 483 1221 1172 1102 997
655 858 1202 1028 1107 0 863 1568 114 65 11 934
208 719 813 899 244 863 0 705 977 928 858 945
913 710 382 540 483 1568 705 0 1682 1633 1563 634
769 972 1316 1142 1221 114 977 1682 0 49 119 1048
720 923 1267 1093 1172 65 928 1633 49 0 70 999
650 853 1197 1023 1102 11 858 1563 119 70 0 929
779 226 268 94 997 934 945 634 1048 999 929 0
