0 1044 643 303 566 917 1167 700
1044 0 1039 1055 794 267 687 912
643 1039 0 906 645 912 1162 127
303 1055 906 0 263 788 864 963
566 794 645 263 0 527 601 702
917 267 912 788 527 0 420 785
1167 687 1162 864 601 420 0 1035
700 912 127 963 702 785 1035 0
