0 289 545 913 698 247 976 460
289 0 288 1170 575 536 1233 171
545 288 0 1458 863 640 1521 283
913 1170 1458 0 595 818 395 1175
698 575 863 595 0 945 702 580
247 536 640 818 945 0 881 707
976 1233 1521 395 702 881 0 1238
460 171 283 1175 580 707 1238 0
