0 649 474 992 343 420 573 776 184 693 598 723
649 0 192 419 448 656 314 299 541 356 376 238
474 192 0 529 359 475 211 334 400 440 410 372
992 419 529 0 860 827 447 229 928 734 781 590
343 448 359 860 0 637 556 689 162 360 259 424
420 656 475 827 637 0 393 601 535 886 825 844
573 314 211 447 556 393 0 218 559 637 619 544
776 299 334 229 689 601 218 0 732 654 672 527
184 541 400 928 162 535 559 732 0 520 420 568
693 356 440 734 360 886 637 654 520 0 106 146
598 376 410 781 259 825 619 672 420 106 0 220
723 238 372 590 424 844 544 527 568 146 220 0
