0 374 504 343 702 375 813 931 887 759
374 0 194 352 330 69 695 585 534 508
504 194 0 325 247 144 531 427 543 315
343 352 325 0 572 294 470 710 853 461
702 330 247 572 0 331 693 292 321 402
375 69 144 294 331 0 627 560 570 451
813 695 531 470 693 627 0 620 1013 307
931 585 427 710 292 560 620 0 503 324
887 534 543 853 321 570 1013 503 0 715
759 508 315 461 402 451 307 324 715 0
