0 390 598 286 270 295 759 167
390 0 564 648 200 685 1125 261
598 564 0 880 444 617 1357 493
286 648 880 0 448 581 477 387
270 200 444 448 0 565 925 103
295 685 617 581 565 0 740 462
759 1125 1357 477 925 740 0 864
167 261 493 387 103 462 864 0
