0 855 531 741 1005 727 1294 988 472 669 86 776
855 0 395 562 347 135 502 517 428 223 810 497
531 395 0 311 474 263 769 482 61 327 465 637
741 562 311 0 411 469 720 281 357 598 659 930
1005 347 474 411 0 368 315 210 533 529 938 841
727 135 263 469 368 0 592 490 294 164 679 495
1294 502 769 720 315 592 0 472 824 724 1233 970
988 517 482 281 210 490 472 0 542 652 911 985
472 428 61 357 533 294 824 542 0 327 409 617
669 223 327 598 529 164 724 652 327 0 638 338
86 810 465 659 938 679 1233 911 409 638 0 783
776 497 637 930 841 495 970 985 617 338 783 0
