0 746 710 580 789 992 923 428
746 0 274 752 165 352 607 318
710 274 0 994 109 626 881 282
580 752 994 0 885 998 929 932
789 165 109 885 0 517 772 361
992 352 626 998 517 0 255 564
923 607 881 929 772 255 0 819
428 318 282 932 361 564 819 0
