0 511 229 1287 459 647 715 254 616 611 628 405
511 0 444 776 244 432 500 427 155 498 593 158
229 444 0 1068 688 876 944 35 397 392 409 286
1287 776 1068 0 984 1170 696 1033 671 676 659 882
459 244 688 984 0 188 288 671 399 742 837 402
647 432 876 1170 188 0 474 859 587 930 1025 590
715 500 944 696 288 474 0 927 655 998 1093 658
254 427 35 1033 671 859 927 0 362 357 374 269
616 155 397 671 399 587 655 362 0 343 438 211
611 498 392 676 742 930 998 357 343 0 95 340
628 593 409 659 837 1025 1093 374 438 95 0 435
405 158 286 882 402 590 658 269 211 340 435 0
