0 818 1028 215 591 785 1022 474 600 993
818 0 210 603 715 35 464 416 218 175
1028 210 0 813 601 243 350 554 428 43
215 603 813 0 772 570 807 473 385 778
591 715 601 772 0 750 579 299 573 558
785 35 243 570 750 0 499 451 185 208
1022 464 350 807 579 499 0 548 422 307
474 416 554 473 299 451 548 0 274 519
600 218 428 385 573 185 422 274 0 393
993 175 43 778 558 208 307 519 393 0
