0 423 478 486 335 109 433 147 816 659
423 0 98 84 291 432 587 281 393 470
478 98 0 27 388 505 682 348 355 383
486 84 27 0 375 506 671 351 339 408
335 291 388 375 0 268 297 221 618 731
109 432 505 506 268 0 324 159 819 737
433 587 682 671 297 324 0 416 902 1001
147 281 348 351 221 159 416 0 673 594
816 393 355 339 618 819 902 673 0 582
659 470 383 408 731 737 1001 594 582 0
