0 573 654 386 572 942 614 281 561 509 322 112
573 0 935 251 114 907 786 324 601 381 327 680
654 935 0 690 852 504 184 660 376 581 887 612
386 251 690 0 200 742 553 106 387 198 299 480
572 114 852 200 0 794 693 298 503 280 384 672
942 907 504 742 794 0 379 784 386 547 1032 957
614 786 184 553 693 379 0 545 198 415 789 604
281 324 660 106 298 784 545 0 407 265 251 376
561 601 376 387 503 386 198 407 0 223 658 588
509 381 581 198 280 547 415 265 223 0 496 576
322 327 887 299 384 1032 789 251 658 496 0 432
112 680 612 480 672 957 604 376 588 576 432 0
