0 750 864 377 883 839 1044 620
750 0 1298 805 215 89 522 1258
864 1298 0 493 1363 1387 776 244
377 805 493 0 870 894 667 453
883 215 1363 870 0 266 587 1323
839 89 1387 894 266 0 611 1347
1044 522 776 667 587 611 0 736
620 1258 244 453 1323 1347 736 0
