0 580 675 988 346 1154 641 1123 695 971 1064 352
580 0 273 694 242 1022 1221 721 1275 981 822 816
675 273 0 605 515 933 1132 448 1186 892 733 1027
988 694 605 0 828 328 815 199 581 287 128 1340
346 242 515 828 0 994 987 963 1041 811 904 582
1154 1022 933 328 994 0 981 527 601 183 200 1506
641 1221 1132 815 987 981 0 950 380 798 891 525
1123 721 448 199 963 527 950 0 780 486 327 1475
695 1275 1186 581 1041 601 380 780 0 418 511 905
971 981 892 287 811 183 798 486 418 0 159 1323
1064 822 733 128 904 200 891 327 511 159 0 1416
352 816 1027 1340 582 1506 525 1475 905 1323 1416 0
