0 749 373 917 444 58 832 547
749 0 598 494 1193 807 371 300
373 598 0 1054 817 431 969 684
917 494 1054 0 775 949 237 370
444 1193 817 775 0 386 936 893
58 807 431 949 386 0 864 579
832 371 969 237 936 864 0 285
547 300 684 370 893 579 285 0
