0 629 381 256 478 703 728 286 613 238
629 0 448 772 637 816 632 795 644 435
381 448 0 380 201 422 359 393 275 387
256 772 380 0 353 531 639 30 499 468
478 637 201 353 0 235 287 350 147 559
703 816 422 531 235 0 255 518 173 794
728 632 359 639 287 255 0 637 145 739
286 795 393 30 350 518 637 0 495 498
613 644 275 499 147 173 145 495 0 660
238 435 387 468 559 794 739 498 660 0
