0 117 532 584 844 764 942 335
117 0 471 467 727 647 825 396
532 471 0 658 918 838 1016 867
584 467 658 0 328 328 358 551
844 727 918 328 0 656 328 879
764 647 838 328 656 0 328 513
942 825 1016 358 328 328 0 691
335 396 867 551 879 513 691 0
