0 927 455 284 400 747 829 504
927 0 742 912 655 209 494 648
455 742 0 674 604 650 905 98
284 912 674 0 262 706 664 692
400 655 604 262 0 448 432 584
747 209 650 706 448 0 346 569
829 494 905 664 432 346 0 844
504 648 98 692 584 569 844 0
