0 890 739 634 595 62 693 776
890 0 1041 1524 1485 828 959 768
739 1041 0 697 770 739 82 387
634 1524 697 0 73 696 651 870
595 1485 770 73 0 657 724 831
62 828 739 696 657 0 693 776
693 959 82 651 724 693 0 305
776 768 387 870 831 776 305 0
