0 1010 751 644 1175 826 398 171 460 821 582 614
1010 0 315 1020 179 502 1408 1181 1470 189 760 1030
751 315 0 1335 494 243 1149 922 1211 148 501 771
644 1020 1335 0 841 1470 806 661 1038 1187 1226 1258
1175 179 494 841 0 667 1573 1346 1635 354 925 1195
826 502 243 1470 667 0 906 809 968 313 258 528
398 1408 1149 806 1573 906 0 227 342 1219 648 562
171 1181 922 661 1346 809 227 0 377 992 565 597
460 1470 1211 1038 1635 968 342 377 0 1281 710 440
821 189 148 1187 354 313 1219 992 1281 0 571 841
582 760 501 1226 925 258 648 565 710 571 0 270
614 1030 771 1258 1195 528 562 597 440 841 270 0
