0 303 501 778 835 1116 1078 1446
303 0 224 475 532 813 1277 1143
501 224 0 277 466 615 1501 945
778 475 277 0 485 568 1520 696
835 532 466 485 0 281 1035 611
1116 813 615 568 281 0 952 330
1078 1277 1501 1520 1035 952 0 836
1446 1143 945 696 611 330 836 0
