0 1055 1237 484 665 791 575 1156
1055 0 584 1143 390 328 1318 511
1237 584 0 1325 750 446 1500 81
484 1143 1325 0 753 879 175 1244
665 390 750 753 0 494 928 677
791 328 446 879 494 0 1054 365
575 1318 1500 175 928 1054 0 1419
1156 511 81 1244 677 365 1419 0
