0 796 417 662 522 241 615 561 489 106
796 0 1041 1458 274 1037 239 813 349 690
417 1041 0 417 767 372 860 978 734 351
662 1458 417 0 1184 421 1277 1011 1151 768
522 274 767 1184 0 763 93 667 203 416
241 1037 372 421 763 0 856 606 730 347
615 239 860 1277 93 856 0 574 126 509
561 813 978 1011 667 606 574 0 464 629
489 349 734 1151 203 730 126 464 0 383
106 690 351 768 416 347 509 629 383 0
