0 727 557 609 1051 294 348 800 289 335 822 527
727 0 774 560 342 609 1023 499 856 1024 723 522
557 774 0 674 1116 263 853 275 268 854 887 252
609 560 674 0 442 509 463 633 756 464 213 422
1051 342 1116 442 0 951 751 841 1198 752 451 864
294 609 263 509 951 0 590 506 247 591 722 233
348 1023 853 463 751 590 0 1096 585 13 474 823
800 499 275 633 841 506 1096 0 511 1097 796 273
289 856 268 756 1198 247 585 511 0 586 969 334
335 1024 854 464 752 591 13 1097 586 0 487 824
822 723 887 213 451 722 474 796 969 487 0 635
527 522 252 422 864 233 823 273 334 824 635 0
