0 98 889 136 466 388 483 579 34 306
98 0 849 51 384 300 418 530 80 219
889 849 0 878 564 645 462 325 902 687
136 51 878 0 387 298 435 555 109 220
466 384 564 387 0 93 119 259 461 167
388 300 645 298 93 0 184 327 379 82
483 418 462 435 119 184 0 143 486 228
579 530 325 555 259 327 143 0 588 363
34 80 902 109 461 379 486 588 0 297
306 219 687 220 167 82 228 363 297 0
