0 955 896 146 798 835 402 653
955 0 711 883 507 554 870 420
896 711 0 754 215 160 539 397
146 883 754 0 668 701 259 540
798 507 215 668 0 58 513 198
835 554 160 701 58 0 528 255
402 870 539 259 513 528 0 460
653 420 397 540 198 255 460 0
