0 827 608 911 1046 954 744 975
827 0 599 708 573 877 839 898
608 599 0 683 818 418 240 367
911 708 683 0 135 265 923 444
1046 573 818 135 0 400 1058 579
954 877 418 265 400 0 658 179
744 839 240 923 1058 658 0 479
975 898 367 444 579 179 479 0
