0 524 1013 602 426 408 893 288
524 0 571 490 950 278 451 414
1013 571 0 1061 677 605 690 985
602 490 1061 0 1028 456 941 314
426 950 677 1028 0 672 1183 714
408 278 605 456 672 0 511 380
893 451 690 941 1183 511 0 865
288 414 985 314 714 380 865 0
