0 146 847 557 465 538 485 269
146 0 795 411 413 546 433 123
847 795 0 404 412 789 384 820
557 411 404 0 580 957 552 416
465 413 412 580 0 377 28 438
538 546 789 957 377 0 405 669
485 433 384 552 28 405 0 458
269 123 820 416 438 669 458 0
