0 875 780 375 289 189 535 961 852 332 496 106
875 0 725 500 1120 686 968 176 173 1207 1371 841
780 725 0 417 1069 957 1315 811 702 776 646 886
375 500 417 0 652 540 898 586 477 707 871 469
289 1120 1069 652 0 434 246 1206 1097 293 669 279
189 686 957 540 434 0 358 772 663 521 685 155
535 968 1315 898 246 358 0 1054 945 539 915 429
961 176 811 586 1206 772 1054 0 109 1293 1457 927
852 173 702 477 1097 663 945 109 0 1184 1348 818
332 1207 776 707 293 521 539 1293 1184 0 376 366
496 1371 646 871 669 685 915 1457 1348 376 0 530
106 841 886 469 279 155 429 927 818 366 530 0
