0 130 1251 192 511 394 620 797 42 313
130 0 1201 62 461 332 570 747 88 249
1251 1201 0 1239 740 869 631 454 1273 952
192 62 1239 0 499 370 608 785 150 287
511 461 740 499 0 129 129 286 533 212
394 332 869 370 129 0 238 415 404 83
620 570 631 608 129 238 0 177 642 321
797 747 454 785 286 415 177 0 819 498
42 88 1273 150 533 404 642 819 0 321
313 249 952 287 212 83 321 498 321 0
