0 405 806 132 652 814 373 585 584 629 876 487
405 0 401 513 1057 409 480 812 989 1034 1281 474
806 401 0 914 1458 166 881 1213 1390 1435 1682 537
132 513 914 0 544 922 505 453 476 521 768 377
652 1057 1458 544 0 1466 577 653 428 203 224 921
814 409 166 922 1466 0 889 1221 1398 1443 1690 545
373 480 881 505 577 889 0 958 733 554 801 860
585 812 1213 453 653 1221 958 0 225 450 649 676
584 989 1390 476 428 1398 733 225 0 225 424 853
629 1034 1435 521 203 1443 554 450 225 0 247 898
876 1281 1682 768 224 1690 801 649 424 247 0 1145
487 474 537 377 921 545 860 676 853 898 1145 0
