0 562 716 740 476 826 716 878
562 0 488 512 704 598 1278 316
716 488 0 104 1192 122 830 764
740 512 104 0 1216 86 934 660
476 704 1192 1216 0 1302 862 962
826 598 122 86 1302 0 952 642
716 1278 830 934 862 952 0 1594
878 316 764 660 962 642 1594 0
