0 1078 807 1335 1199 323 945 477
1078 0 475 257 327 857 133 669
807 475 0 704 802 1130 408 1144
1335 257 704 0 340 1114 390 858
1199 327 802 340 0 978 394 722
323 857 1130 1114 978 0 724 256
945 133 408 390 394 724 0 736
477 669 1144 858 722 256 736 0
