0 976 553 1055 529 651 53 304 524 794
976 0 1023 79 1067 1151 1029 976 1054 1232
553 1023 0 964 44 128 606 553 31 241
1055 79 964 0 1008 1092 1108 1055 995 1173
529 1067 44 1008 0 124 580 527 13 267
651 1151 128 1092 124 0 704 651 127 143
53 1029 606 1108 580 704 0 333 577 847
304 976 553 1055 527 651 333 0 524 794
524 1054 31 995 13 127 577 524 0 270
794 1232 241 1173 267 143 847 794 270 0
