0 292 796 835 711 623 608 620 584 253
292 0 901 902 571 778 795 904 460 544
796 901 0 118 657 209 293 750 619 779
835 902 118 0 583 304 397 857 566 850
711 571 657 583 0 680 759 1116 128 890
623 778 209 304 680 0 98 555 605 576
608 795 293 397 759 98 0 460 675 522
620 904 750 857 1116 555 460 0 1004 380
584 460 619 566 128 605 675 1004 0 764
253 544 779 850 890 576 522 380 764 0
