0 644 562 369 268 183 384 682 605 235 442 79
644 0 633 362 880 573 883 139 123 872 973 647
562 633 0 335 806 677 946 758 700 646 537 632
369 362 335 0 636 404 716 460 391 561 616 410
268 880 806 636 0 317 204 892 819 216 505 236
183 573 677 404 317 0 322 575 503 390 624 121
384 883 946 716 204 322 0 863 798 417 707 316
682 139 758 460 892 575 863 0 77 916 1052 668
605 123 700 391 819 503 798 77 0 839 976 593
235 872 646 561 216 390 417 916 839 0 290 270
442 973 537 616 505 624 707 1052 976 290 0 508
79 647 632 410 236 121 316 668 593 270 508 0
