0 901 670 1395 380 521 771 1077 221 735 605 887
901 0 231 494 599 694 424 384 764 476 432 336
670 231 0 725 368 551 281 407 533 619 575 479
1395 494 725 0 1093 1110 624 318 1258 802 804 662
380 599 368 1093 0 901 631 775 165 433 289 585
521 694 551 1110 901 0 486 792 742 1170 1126 1030
771 424 281 624 631 486 0 306 634 900 856 760
1077 384 407 318 775 792 306 0 940 860 816 720
221 764 533 1258 165 742 634 940 0 598 454 750
735 476 619 802 433 1170 900 860 598 0 144 152
605 432 575 804 289 1126 856 816 454 144 0 296
887 336 479 662 585 1030 760 720 750 152 296 0
