0 699 597 510 142 786 336 425 146 79 156 853
699 0 975 191 706 921 737 648 833 627 821 502
597 975 0 817 458 312 283 327 531 580 699 769
510 191 817 0 516 810 562 492 641 437 637 513
142 706 458 516 0 647 195 298 158 129 276 771
786 921 312 810 647 0 454 379 768 742 920 568
336 737 283 562 195 454 0 147 320 304 466 669
425 648 327 492 298 379 147 0 446 370 572 523
146 833 531 641 158 768 320 446 0 206 171 930
79 627 580 437 129 742 304 370 206 0 232 776
156 821 699 637 276 920 466 572 171 232 0 1008
853 502 769 513 771 568 669 523 930 776 1008 0
