0 824 593 61 951 1039 417 935 1080 1188
824 0 855 885 245 777 849 843 818 926
593 855 0 568 1100 1632 176 1528 1673 1781
61 885 568 0 1012 1064 392 960 1105 1213
951 245 1100 1012 0 726 976 970 759 843
1039 777 1632 1064 726 0 1456 244 41 149
417 849 176 392 976 1456 0 1352 1497 1605
935 843 1528 960 970 244 1352 0 211 253
1080 818 1673 1105 759 41 1497 211 0 108
1188 926 1781 1213 843 149 1605 253 108 0
