0 1155 352 637 485 817 612 576
1155 0 839 740 670 378 543 1027
352 839 0 989 621 627 296 224
637 740 989 0 368 362 999 1213
485 670 621 368 0 332 631 845
817 378 627 362 332 0 637 851
612 543 296 999 631 637 0 484
576 1027 224 1213 845 851 484 0
