0 573 779 511 499 524 710 998
573 0 584 378 738 857 505 665
779 584 0 824 280 1303 79 653
511 378 824 0 676 479 755 1043
499 738 280 676 0 1023 233 807
524 857 1303 479 1023 0 1234 1522
710 505 79 755 233 1234 0 574
998 665 653 1043 807 1522 574 0
