0 747 668 296 247 535 346 772 539 511
747 0 751 628 710 781 905 668 216 461
668 751 0 378 863 165 1011 180 692 310
296 628 378 0 487 268 634 477 471 247
247 710 863 487 0 750 198 934 496 637
535 781 165 268 750 0 881 333 677 321
346 905 1011 634 198 881 0 1101 692 815
772 668 180 477 934 333 1101 0 662 308
539 216 692 471 496 677 692 662 0 382
511 461 310 247 637 321 815 308 382 0
