0 806 405 281 678 281 834 690 821 310
806 0 661 830 740 1050 170 119 232 905
405 661 0 646 275 675 769 579 789 696
281 830 646 0 920 285 800 712 764 75
678 740 275 920 0 939 886 697 924 972
281 1050 675 285 939 0 1050 932 1023 240
834 170 769 800 886 1050 0 192 68 873
690 119 579 712 697 932 192 0 227 787
821 232 789 764 924 1023 68 227 0 836
310 905 696 75 972 240 873 787 836 0
