0 641 301 437 342 89 383 401 374 296 209 118
641 0 547 204 797 564 1022 362 287 899 644 755
301 547 0 387 636 309 619 192 271 586 481 352
437 204 387 0 612 360 818 238 117 698 451 552
342 797 636 612 0 332 409 688 609 226 170 366
89 564 309 360 332 0 458 363 312 346 172 205
383 1022 619 818 409 458 0 767 756 183 440 279
401 362 192 238 688 363 767 0 128 697 519 489
374 287 271 117 609 312 756 128 0 657 440 480
296 899 586 698 226 346 183 697 657 0 276 241
209 644 481 451 170 172 440 519 440 276 0 280
118 755 352 552 366 205 279 489 480 241 280 0
