0 966 981 839 202 879 400 497 363 740
966 0 48 618 885 109 736 679 619 368
981 48 0 665 909 105 768 715 640 350
839 618 665 0 656 635 443 343 536 782
202 885 909 656 0 814 214 314 271 734
879 109 105 635 814 0 684 639 544 260
400 736 768 443 214 684 0 100 208 671
497 679 715 343 314 639 100 0 246 664
363 619 640 536 271 544 208 246 0 479
740 368 350 782 734 260 671 664 479 0
