0 597 656 674 366 153 607 206 1151 705
597 0 125 91 341 580 648 391 554 664
656 125 0 34 466 639 773 450 495 539
674 91 34 0 432 657 739 468 477 573
366 341 466 432 0 349 307 268 785 1005
153 580 639 657 349 0 454 189 1134 858
607 648 773 739 307 454 0 575 1072 1312
206 391 450 468 268 189 575 0 945 737
1151 554 495 477 785 1134 1072 945 0 620
705 664 539 573 1005 858 1312 737 620 0
