0 592 448 431 541 37 238 171 831 890 741 917
592 0 588 803 415 620 652 525 239 303 638 503
448 588 0 264 229 482 258 281 785 794 315 620
431 803 264 0 492 450 199 329 1020 1041 543 884
541 415 229 492 0 578 432 380 577 574 247 405
37 620 482 450 578 0 262 206 859 920 777 953
238 652 258 199 432 262 0 138 883 919 572 837
171 525 281 329 380 206 138 0 760 804 571 771
831 239 785 1020 577 859 883 760 0 100 752 478
890 303 794 1041 574 920 919 804 100 0 721 406
741 638 315 543 247 777 572 571 752 721 0 404
917 503 620 884 405 953 837 771 478 406 404 0
