0 849 1025 1078 787 747 1003 819 1044 302 222 995
849 0 690 552 904 180 465 226 208 580 627 305
1025 690 0 217 456 546 255 903 666 932 869 441
1078 552 217 0 646 452 92 777 480 926 892 261
787 904 456 646 0 723 637 1058 976 838 725 779
747 180 546 452 723 0 360 361 313 519 529 265
1003 465 255 92 637 360 0 689 413 839 810 188
819 226 903 777 1058 361 689 0 390 520 609 531
1044 208 666 480 976 313 413 390 0 785 823 226
302 580 932 926 838 519 839 520 785 0 131 783
222 627 869 892 725 529 810 609 823 131 0 784
995 305 441 261 779 265 188 531 226 783 784 0
