0 820 334 570 392 610 503 417
820 0 619 702 542 359 425 800
334 619 0 710 455 568 209 207
570 702 710 0 260 344 711 896
392 542 455 260 0 235 455 649
610 359 568 344 235 0 473 774
503 425 209 711 455 473 0 374
417 800 207 896 649 774 374 0
