0 870 456 821 168 837 528 798 629 468
870 0 1158 49 702 817 374 1668 843 1338
456 1158 0 1109 596 461 816 526 315 750
821 49 1109 0 653 770 327 1619 794 1289
168 702 596 653 0 977 534 966 769 636
837 817 461 770 977 0 443 971 208 1131
528 374 816 327 534 443 0 1326 501 996
798 1668 526 1619 966 971 1326 0 825 330
629 843 315 794 769 208 501 825 0 923
468 1338 750 1289 636 1131 996 330 923 0
