0 590 342 566 377 173 435 426 353 89
590 0 745 1040 220 748 212 705 329 505
342 745 0 296 585 263 672 765 634 350
566 1040 296 0 872 413 954 948 901 607
377 220 585 872 0 541 93 518 145 295
173 748 263 413 541 0 606 538 526 246
435 212 672 954 93 606 0 493 118 362
426 705 765 948 518 538 493 0 380 452
353 329 634 901 145 526 118 380 0 295
89 505 350 607 295 246 362 452 295 0
