0 206 144 58 100 167 812 449 453 474 812 968
206 0 144 244 298 100 1013 654 644 642 1016 1174
144 144 0 146 242 186 940 571 591 618 904 1081
58 244 146 0 111 221 794 425 448 485 772 939
100 298 242 111 0 236 715 358 353 377 737 880
167 100 186 221 236 0 940 592 565 552 972 1114
812 1013 940 794 715 940 0 371 379 446 347 239
449 654 571 425 358 592 371 0 147 275 406 522
453 644 591 448 353 565 379 147 0 129 520 580
474 642 618 485 377 552 446 275 129 0 639 669
812 1016 904 772 737 972 347 406 520 639 0 254
968 1174 1081 939 880 1114 239 522 580 669 254 0
