0 178 639 791 594 379 652 531 879 611 589 605
178 0 480 617 469 283 475 353 712 451 518 637
639 480 0 214 637 610 324 268 587 30 801 1051
791 617 214 0 612 660 253 294 438 223 802 1100
594 469 637 612 0 221 359 370 382 611 197 536
379 283 610 660 221 0 431 369 565 580 236 444
652 475 324 253 359 431 0 130 283 306 550 860
531 353 268 294 370 369 130 0 406 241 538 812
879 712 587 438 382 565 283 406 0 575 565 913
611 451 30 223 611 580 306 241 575 0 773 1020
589 518 801 802 197 236 550 538 565 773 0 349
605 637 1051 1100 536 444 860 812 913 1020 349 0
