0 269 774 561 185 701 338 80 177 445
269 0 986 297 190 839 588 276 407 708
774 986 0 1208 800 320 743 724 598 441
561 297 1208 0 429 1001 885 552 675 987
185 190 800 429 0 651 518 136 246 561
701 839 320 1001 651 0 812 630 537 563
338 588 743 885 518 812 0 386 346 304
80 276 724 552 136 630 386 0 131 436
177 407 598 675 246 537 346 131 0 315
445 708 441 987 561 563 304 436 315 0
