0 1043 1156 405 975 272 1090 671
1043 0 257 850 1056 771 309 666
1156 257 0 817 799 884 66 485
405 850 817 0 636 231 751 332
975 1056 799 636 0 703 747 390
272 771 884 231 703 0 818 399
1090 309 66 751 747 818 0 419
671 666 485 332 390 399 419 0
