0 327 1144 484 975 256 616 202 683 811
327 0 1037 811 868 319 859 273 356 704
1144 1037 0 968 315 1356 552 1310 1187 333
484 811 968 0 799 740 440 686 1167 635
975 868 315 799 0 1187 359 1141 1018 164
256 319 1356 740 1187 0 828 54 427 1023
616 859 552 440 359 828 0 782 1215 377
202 273 1310 686 1141 54 782 0 481 977
683 356 1187 1167 1018 427 1215 481 0 854
811 704 333 635 164 1023 377 977 854 0
