0 738 1100 578 292 49 613 549
738 0 458 707 545 696 608 338
1100 458 0 811 836 1052 690 560
578 707 811 0 333 537 120 369
292 545 836 333 0 243 336 276
49 696 1052 537 243 0 568 500
613 608 690 120 336 568 0 279
549 338 560 369 276 500 279 0
