0 587 459 850 871 815 526 764
587 0 566 504 434 633 758 684
459 566 0 499 579 384 195 310
850 504 499 0 135 222 653 341
871 434 579 135 0 355 751 470
815 633 384 222 355 0 488 127
526 758 195 653 751 488 0 376
764 684 310 341 470 127 376 0
