0 727 1263 988 231 1483 528 1012 545 776
727 0 572 261 612 756 199 285 786 57
1263 572 0 545 1148 242 735 597 738 515
988 261 545 0 873 495 460 52 759 212
231 612 1148 873 0 1368 621 897 410 661
1483 756 242 495 1368 0 955 471 958 707
528 199 735 460 621 955 0 484 935 248
1012 285 597 52 897 471 484 0 811 236
545 786 738 759 410 958 935 811 0 729
776 57 515 212 661 707 248 236 729 0
