0 762 722 539 842 686 284 122 428 696 448 434
762 0 288 837 172 477 1022 873 1040 178 557 748
722 288 0 975 460 197 930 808 882 116 363 548
539 837 975 0 805 1042 753 621 957 889 874 940
842 172 460 805 0 648 1117 960 1164 350 708 895
686 477 197 1042 648 0 843 747 750 298 251 402
284 1022 930 753 1117 843 0 162 246 929 592 479
122 873 808 621 960 747 162 0 336 794 498 435
428 1040 882 957 1164 750 246 336 0 912 519 348
696 178 116 889 350 298 929 794 912 0 405 597
448 557 363 874 708 251 592 498 519 405 0 192
434 748 548 940 895 402 479 435 348 597 192 0
