0 752 668 524 83 644 844 678
752 0 522 759 833 412 118 203
668 522 0 319 719 111 636 651
524 759 319 0 541 390 878 825
83 833 719 541 0 705 927 761
644 412 111 390 705 0 526 543
844 118 636 878 927 526 0 211
678 203 651 825 761 543 211 0
