0 393 825 883 291 952 468 900 931 205 116 525
393 0 710 526 672 1345 861 519 550 598 365 918
825 710 0 184 1116 635 739 441 416 946 709 1220
883 526 184 0 1174 819 797 257 232 1004 767 1278
291 672 1116 1174 0 1085 601 1191 1222 338 407 658
952 1345 635 819 1085 0 484 1076 1051 747 980 747
468 861 739 797 601 484 0 814 845 263 496 481
900 519 441 257 1191 1076 814 0 31 1021 784 1295
931 550 416 232 1222 1051 845 31 0 1052 815 1326
205 598 946 1004 338 747 263 1021 1052 0 237 320
116 365 709 767 407 980 496 784 815 237 0 553
525 918 1220 1278 658 747 481 1295 1326 320 553 0
