0 816 37 301 226 657 610 418 187 613
816 0 826 745 890 635 375 426 877 205
37 826 0 337 260 637 604 436 220 621
301 745 337 0 177 832 687 327 189 571
226 890 260 177 0 862 769 464 39 701
657 635 637 832 862 0 267 607 827 515
610 375 604 687 769 267 0 398 741 251
418 426 436 327 464 607 398 0 452 244
187 877 220 189 39 827 741 452 0 684
613 205 621 571 701 515 251 244 684 0
