0 1358 1371 994 233 1223 443 573 509 941
1358 0 67 794 1193 135 915 785 849 417
1371 67 0 861 1206 148 928 798 862 430
994 794 861 0 829 869 551 421 583 1105
233 1193 1206 829 0 1058 278 408 344 776
1223 135 148 869 1058 0 780 650 714 282
443 915 928 551 278 780 0 130 286 808
573 785 798 421 408 650 130 0 342 864
509 849 862 583 344 714 286 342 0 522
941 417 430 1105 776 282 808 864 522 0
