0 728 899 95 781 958 859 990
728 0 1094 821 744 807 1023 896
899 1094 0 892 380 464 74 391
95 821 892 0 815 997 860 1021
781 744 380 815 0 186 306 210
958 807 464 997 186 0 399 98
859 1023 74 860 306 399 0 334
990 896 391 1021 210 98 334 0
