0 1085 1254 194 1125 1180 497 891
1085 0 991 891 716 777 1080 562
1254 991 0 1060 275 214 757 429
194 891 1060 0 931 986 303 697
1125 716 275 931 0 61 628 234
1180 777 214 986 61 0 683 289
497 1080 757 303 628 683 0 518
891 562 429 697 234 289 518 0
