0 651 609 475 757 51 248 239 927 916 1045 1212
651 0 828 1126 540 660 879 684 276 337 738 685
609 828 0 298 288 660 361 370 1104 1093 436 637
475 1126 298 0 586 466 247 442 1402 1391 662 935
757 540 288 586 0 808 509 518 816 805 288 455
51 660 660 466 808 0 299 290 936 925 1096 1263
248 879 361 247 509 299 0 195 1155 1144 797 964
239 684 370 442 518 290 195 0 960 949 806 973
927 276 1104 1402 816 936 1155 960 0 141 1014 489
916 337 1093 1391 805 925 1144 949 141 0 1003 456
1045 738 436 662 288 1096 797 806 1014 1003 0 547
1212 685 637 935 455 1263 964 973 489 456 547 0
