0 937 841 366 201 780 1191 923 1003 591
937 0 734 893 1138 711 294 688 354 726
841 734 0 475 698 61 988 82 682 918
366 893 475 0 245 414 1147 557 841 547
201 1138 698 245 0 637 1392 780 1086 792
780 711 61 414 637 0 965 143 659 857
1191 294 988 1147 1392 965 0 942 648 600
923 688 82 557 780 143 942 0 636 1000
1003 354 682 841 1086 659 648 636 0 1080
591 726 918 547 792 857 600 1000 1080 0
