0 1055 51 426 260 838 863 461 212 803
1055 0 1046 1053 1241 871 494 594 1213 252
51 1046 0 477 311 829 854 452 263 794
426 1053 477 0 188 836 861 459 214 801
260 1241 311 188 0 1024 1049 647 48 989
838 871 829 836 1024 0 377 771 996 727
863 494 854 861 1049 377 0 402 1021 350
461 594 452 459 647 771 402 0 619 342
212 1213 263 214 48 996 1021 619 0 961
803 252 794 801 989 727 350 342 961 0
