0 499 590 703 270 874 469 796 628 743 772 300
499 0 203 642 238 897 878 618 908 802 746 786
590 203 0 482 378 742 876 428 843 665 587 890
703 642 482 0 670 260 686 170 513 203 105 951
270 238 378 670 0 897 698 706 787 780 763 548
874 897 742 260 897 0 708 373 461 133 155 1075
469 878 876 686 698 708 0 845 271 589 690 469
796 618 428 170 706 373 845 0 683 360 235 1067
628 908 843 513 787 461 271 683 0 361 483 718
743 802 665 203 780 133 589 360 361 0 130 943
772 746 587 105 763 155 690 235 483 130 0 1001
300 786 890 951 548 1075 469 1067 718 943 1001 0
