0 392 224 911 389 465 656 234 438 476 518 289
392 0 376 561 227 413 358 352 132 359 427 135
224 376 0 781 490 624 717 28 347 280 308 241
911 561 781 0 753 928 680 754 475 533 556 624
389 227 490 753 0 187 272 476 359 568 635 293
465 413 624 928 187 0 339 615 545 745 810 464
656 358 717 680 272 339 0 697 463 706 773 484
234 352 28 754 476 615 697 0 320 257 289 218
438 132 347 475 359 545 463 320 0 243 310 149
476 359 280 533 568 745 706 257 243 0 68 281
518 427 308 556 635 810 773 289 310 68 0 346
289 135 241 624 293 464 484 218 149 281 346 0
