0 1587 255 653 664 713 1365 522 461 840 667 647
1587 0 1576 1184 1227 874 222 1065 1126 747 1542 940
255 1576 0 398 409 702 1354 511 522 829 412 636
653 1184 398 0 43 318 962 695 920 437 358 244
664 1227 409 43 0 353 1005 706 931 480 315 287
713 874 702 318 353 0 652 377 602 207 668 302
1365 222 1354 962 1005 652 0 843 904 525 1320 718
522 1065 511 695 706 377 843 0 225 584 709 679
461 1126 522 920 931 602 904 225 0 809 934 904
840 747 829 437 480 207 525 584 809 0 795 193
667 1542 412 358 315 668 1320 709 934 795 0 602
647 940 636 244 287 302 718 679 904 193 602 0
